h = 0.1, F = 3996.305619938319
h = 0.05, F = 6529.07021349956
h = 0.2, F = 1717.1915561709775
h = 0.025, F = 3197.042558539767

h = 0.15, F = 1877.7191816268987


V = 75, F = 1079.4296440562757
V = 140, F = 3914.1261657249634
V = 100, F = 1877.7191816268987
